m = 1400;
Nw = 2;
f = 0.01;
Iz = 2667;
a = 1.35;
b = 1.45;
By = 0.27;
Cy = 1.2;
Dy = 0.7;
Ey = -1.6;
Shy = 0;
Svy = 0;
g = 9.806;